 121.78     28.6         309        4608
 244.70     7.6          614        692
 295.94     0.4          741        47
 344.30     26.5         861        1388
 411.12     2.2         1027        94
 443.96     3.1         1108        149
 678.00     2.0         1689        29
 688.67     0.9         1715        35
 778.90     12.9        1939        184
 867.37     4.2         2159        62
 964.08     14.6        2398        134
1005.30     0.6         2500        10
1085.90     10.2        2702        85
1112.10     13.6        2766        106
1299.10     1.6         3229        10
1408.00     21.0        3502        116
1457.60     0.5         3633        6
