$SPEC_ID:
No sample description was entered.
$SPEC_REM:
DET# 1
DETDESC# NEWTON MCB 338
AP# Maestro Version 6.06
$DATE_MEA:
11/07/2018 12:42:48
$MEAS_TIM:
3790 3791
$DATA:
0 8191
       0
       0
       0
       0
       0
       0
       0
       0
       0
       0
       0
       0
       0
       0
       0
       0
       0
       0
       0
       0
       0
       0
       0
       0
       0
       0
       0
       0
       0
       0
       0
       0
       0
       0
       0
       0
       0
       0
       0
       0
       0
       0
       0
       0
       0
       0
       0
       0
       0
       0
       0
       3
      20
      29
      59
      84
     100
      98
      87
      87
      79
      93
      98
      97
      88
      72
      97
      83
      73
      80
      73
      89
      87
      91
     103
      85
      87
      85
      72
      76
      91
      95
      73
      91
      86
      75
      67
      68
      82
      67
      67
      89
      89
      96
      91
      81
      81
      66
     101
      62
      64
      70
      68
      61
      78
      68
      69
      99
      77
      70
      81
      81
      74
      62
      75
      63
      70
      69
      76
      60
      65
      64
      79
      64
      70
      68
      69
      70
      70
      69
      51
      60
      60
      65
      71
      59
      66
      84
     120
     130
      89
      70
      58
      58
      62
      77
      70
      56
      64
      67
      61
      71
      63
      62
      63
      78
      80
      75
      64
      84
     108
      90
      91
     101
      83
      96
      93
      76
      76
      86
      61
      81
      87
      80
      78
      70
      85
      81
      77
      71
      86
      81
      85
      94
      71
      81
      76
      90
      93
      84
      89
      96
     114
     100
      99
      91
     103
     108
     123
      84
     107
     103
     136
     275
     402
     466
    1179
    3059
    3372
    1585
     346
      78
      44
      52
      51
      62
      56
      55
      57
      63
      48
      50
      47
      45
      50
      56
      57
      57
      73
      53
      52
      48
      44
      51
      55
      55
      49
      70
      41
      54
      54
      35
      41
      54
      49
      43
      48
      47
      51
      44
      50
      57
      62
      60
      60
      64
      48
      65
      59
      62
      66
      55
      59
      55
      52
      55
      43
      58
      51
      58
      48
      47
      35
      57
      58
      47
      71
      65
      55
      62
      65
      50
      56
      50
      58
      55
      71
      57
      54
      82
      48
      71
      60
      48
      58
      78
      55
      57
      61
      62
      61
      57
      61
      53
      53
      61
      72
      65
      56
      55
      65
      51
      61
      64
      60
      72
      64
      69
      74
      79
      70
      64
      90
      68
      68
      62
      77
      51
      64
      73
      64
      69
      69
      58
      67
      92
      71
      81
      76
      66
      73
      75
      77
      68
      78
      59
      81
      71
      71
      77
      83
      82
      91
      77
      76
      77
      91
      88
      82
      73
      83
      95
      73
     121
      72
      84
      91
     100
      89
      73
      82
      90
      90
     111
      87
     100
      93
     107
     103
     131
     114
     100
     110
     110
     112
     108
     100
     112
     108
     102
     102
     113
     127
     113
     102
     104
     108
      97
      91
     110
      86
      99
      99
     115
     107
     171
     142
     100
      88
      80
      87
      85
      77
      72
      75
      69
      90
      64
      74
      72
      94
      81
      52
      60
      70
      56
      74
      70
      64
      68
      70
      65
      59
      63
      78
      61
      70
      67
      60
      73
      56
      62
      62
      61
      56
      60
      61
      55
      62
      55
      61
      62
      68
      52
      65
      59
      63
      56
      69
      49
      61
      38
      58
      55
      57
      45
      66
      66
      62
      54
      49
      73
      61
      64
      60
      48
      65
      58
      57
      48
      45
      51
      67
      57
      47
      61
      66
      50
      46
      51
      62
      52
      41
      56
      58
      56
      56
      57
      60
      56
      61
      69
      63
      53
      47
      46
      59
      51
      58
      57
      46
      60
      56
      53
      51
      58
      47
      58
      63
      54
      43
      49
      50
      41
      48
      41
      39
      51
      36
      43
      41
      52
      30
      38
      41
      38
      36
      46
      45
      33
      29
      33
      30
      35
      31
      48
      33
      30
      26
      42
      27
      34
      42
      29
      20
      38
      39
      34
      32
      45
      74
      73
      44
      46
      38
      38
      43
      25
      29
      37
      28
      32
      34
      31
      33
      25
      28
      33
      27
      20
      19
      18
      32
      25
      25
      31
      27
      30
      30
      38
      25
      28
      22
      39
      29
      22
      23
      23
      38
      27
      27
      25
      33
      34
      25
      23
      17
      29
      20
      20
      20
      20
      27
      27
      19
      17
      23
      26
      18
      27
      23
      22
      27
      27
      23
      15
      18
      16
      26
      24
      31
      18
      22
      18
      20
      23
      21
      20
      14
      11
      20
      27
      27
      20
      19
      18
      29
      24
      21
      20
      16
      15
      23
      25
      12
      21
      18
      20
      29
      22
      23
      17
      21
      11
      24
      18
      24
      21
      18
      21
      16
      21
      11
      16
      15
      20
      21
      12
      16
      24
      18
      14
      13
      27
      25
      23
      22
      10
      25
      39
      93
     242
     385
     418
     254
      89
      23
      14
      24
      15
      16
      18
      17
      20
      13
      16
      11
       7
       7
      17
      14
      15
      18
      16
      16
      13
      16
      13
      15
      14
      15
      14
      17
      13
      11
      18
      12
      18
      12
      15
      15
      16
      10
      12
      11
      16
      17
      11
      18
      16
      14
      19
      14
      13
      13
      10
      17
      15
      15
      13
       9
      15
      14
      23
      30
     104
     296
     675
     952
     763
     386
     119
      34
      13
      10
      12
       9
      11
       9
       9
       9
      11
       8
      14
      13
      13
      11
      16
      13
       9
       8
      12
       7
      18
      11
      13
      10
       5
       8
      10
      13
       9
      12
      11
       9
      12
      13
      12
       8
       8
      13
       5
       7
      11
      13
      14
      11
      11
      10
      13
       8
       8
       9
      10
      14
       9
       8
      16
       7
       9
      13
      10
      13
      11
      11
       9
      12
      11
      16
       9
      10
       4
      13
      11
       8
      19
      12
       4
       5
       8
      16
       7
      11
       7
      14
      11
      13
      10
      10
       8
       6
       9
       4
      10
      15
      12
      14
      12
      11
       8
      13
      11
       7
      11
      12
      15
       9
      12
       3
      13
       8
      13
       9
      17
      14
       9
       8
      10
       6
       9
      15
      14
      16
      10
      18
      38
     103
     337
     942
    1867
    2368
    2072
    1058
     354
      73
      17
       5
       2
       1
       6
       3
       7
       4
       6
       3
       4
       5
       1
       5
       6
       3
       2
       4
       5
       3
       1
       3
       2
       3
       5
       4
       4
       1
       4
       0
       2
       5
       4
       2
      10
       5
       5
       2
       3
       1
       5
       3
       3
       6
       2
       3
       5
       4
       3
       4
       3
       3
       4
       6
       3
       3
       3
       1
       1
       5
      20
      37
     135
     202
     272
     279
     178
      61
      16
       7
       4
       6
       6
       3
       1
       2
       6
       3
       1
       4
       3
       0
       2
       1
       4
       1
       3
       4
       2
       1
       1
       4
       2
       1
       1
       4
       2
       2
       3
       2
       0
       4
       3
       3
       2
       2
       3
       3
       3
       3
       3
       2
       7
       1
       0
       1
       4
       2
       0
       5
       2
       4
       0
       4
       3
       4
       6
       0
       6
       0
       0
       4
       3
       5
       4
       1
       6
       2
       3
       3
       2
       0
       3
       0
       2
       2
       2
       3
       0
       2
       1
       5
       4
       4
       4
       1
       2
       5
       2
       5
       2
       4
       7
       6
       3
       2
       3
       0
       1
       3
       0
       3
       0
       1
       2
       3
       3
       2
       3
       3
       2
       2
       5
       2
       2
       2
       0
       3
       2
       4
       2
       3
       2
       6
       2
       5
       3
       4
       3
       1
       1
       4
       3
       2
       1
       1
       4
       1
       5
       3
       1
       2
       2
       1
       1
       1
       1
       1
       2
       3
       2
       4
       5
       1
       5
       2
       4
       1
       2
       3
       1
       3
       4
       2
       0
       2
       1
       3
       1
       0
       3
       0
       4
       4
       1
       5
       0
       3
       3
       1
       1
       1
       0
       2
       3
       2
       1
       3
       2
       3
       2
       3
       3
       3
       1
       5
       1
       3
       1
       1
       1
       3
       0
       2
       3
       1
       5
       3
       3
       4
       1
       1
       1
       5
       1
       5
       5
       0
       0
       4
       5
       0
       1
       3
       0
       0
       6
       0
       1
       2
       4
       2
       2
       1
       4
       2
       0
       1
       1
       4
       2
       2
       3
       2
       1
       1
       1
       3
       2
       1
       2
       0
       2
       2
       0
       0
       0
       1
       3
       1
       4
       3
       3
       2
       6
       4
       2
       1
       1
       2
       1
       1
       6
       1
       4
       4
       2
       2
       0
       3
       2
       3
       1
       3
       3
       1
       1
       2
       2
       1
       3
       2
       3
       2
       0
       2
       3
       1
       4
       1
       2
       4
       5
       2
       5
       2
       5
       3
       9
       8
      12
       8
       5
       2
       8
       0
       6
       3
       2
       2
       2
       1
       1
       3
       2
       1
       3
       2
       5
       3
       0
       1
       1
       0
       2
       3
       2
       5
       0
       2
       1
       3
       1
       5
       0
       2
       0
       0
       2
       2
       2
       3
       2
       1
       2
       4
       0
       1
       3
       2
       0
       0
       1
       1
       5
       1
       2
       1
       1
       6
       2
       1
       4
       1
       0
       1
       1
       3
       3
       1
       3
       3
       0
       2
       3
       4
       1
       0
       2
       2
       2
       0
       3
       0
       2
       1
       1
       3
       5
       0
       0
       3
       0
       1
       4
       5
       1
       2
       2
       3
       0
       1
       3
       3
       0
       3
       2
       4
       2
       1
       2
       2
       1
       2
       2
       0
       2
       1
       0
       3
       0
       1
       3
       2
       4
       0
       2
       4
       2
       1
       3
       3
       0
       3
       5
       2
       0
       2
       3
       1
       3
       2
       2
       0
       2
       2
       1
       0
       1
       1
       2
       1
       2
       0
       0
       1
       0
       1
       2
       1
       0
       2
       5
       2
       1
       3
       2
       3
       1
       1
       0
       3
       3
       3
       2
       2
       1
       5
       2
       4
       1
       3
       2
       2
       0
       0
       5
       2
       2
       2
       1
       1
       3
       2
       2
       0
       1
       0
       3
       1
       3
       0
       2
       0
       0
       3
       0
       3
       0
       2
       1
       3
       1
       1
       1
       2
       2
       0
       3
       3
       0
       2
       0
       4
       2
       2
       3
       5
       1
       1
       1
       1
       0
       2
       3
       3
       1
       0
       2
       4
       2
       3
       1
       2
       4
       2
       2
       5
       3
       0
       0
       3
       1
       0
       3
       2
       2
       2
       1
       0
       1
       0
       1
       0
       0
       1
       0
       1
       0
       0
       1
       0
       1
       1
       1
       3
       0
       2
       1
       0
       1
       1
       6
       0
       1
       4
       0
       1
       2
       1
       3
       2
       1
       2
       1
       1
       1
       0
       1
       1
       0
       1
       0
       4
       1
       3
       2
       0
       1
       2
       1
       1
       1
       1
       0
       1
       1
       1
       1
       1
       3
       2
       1
       1
       1
       1
       2
       2
       2
       2
       0
       2
       1
       4
       1
       1
       2
       0
       1
       2
       1
       0
       1
       0
       0
       1
       0
       1
       1
       0
       2
       1
       0
       3
       2
       0
       1
       1
       0
       1
       3
       0
       1
       2
       1
       1
       2
       0
       1
       3
       1
       2
       5
       5
       2
       3
       2
       2
       2
       1
       2
       0
       1
       4
       0
       1
       1
       0
       1
       1
       0
       0
       0
       2
       1
       2
       1
       0
       0
       0
       3
       2
       2
       1
       2
       1
       2
       2
       2
       2
       1
       2
       0
       1
       2
       2
       0
       1
       1
       2
       1
       2
       3
       0
       1
       2
       1
       0
       0
       1
       0
       0
       4
       1
       0
       2
       0
       0
       2
       1
       0
       0
       2
       1
       0
       1
       2
       1
       0
       0
       1
       2
       0
       3
       0
       4
       0
       2
       0
       2
       1
       3
       1
       2
       1
       3
       1
       3
       2
       2
       0
       1
       0
       2
       4
       2
       1
       5
       2
       2
       2
       0
       2
       1
       1
       2
       2
       3
       3
       0
       1
       0
       2
       3
       1
       2
       3
       1
       0
       0
       2
       2
       0
       1
       2
       1
       1
       3
       3
       0
       2
       1
       2
       1
       4
       0
       2
       2
       0
       3
       1
       3
       1
       1
       1
       3
       1
       3
       1
       3
       2
       1
       1
       1
       0
       1
       7
       0
       5
       1
       1
       1
       0
       3
       2
       2
       2
       1
       1
       2
       2
       0
       3
       1
       0
       0
       2
       0
       2
       1
       0
       0
       0
       1
       1
       2
       1
       4
       1
       1
       2
       4
       3
       0
       0
       1
       1
       0
       1
       3
       1
       0
       5
       1
       1
       6
       0
       3
       0
       4
       1
       1
       1
       2
       3
       2
       1
       1
       1
       1
       0
       0
       0
       2
       1
       3
       0
       0
       2
       1
       3
       1
       2
       2
       0
       1
       3
       0
       1
       1
       0
       2
       1
       0
       1
       2
       0
       3
       0
       1
       1
       2
       0
       1
       1
       2
       2
       3
       0
       0
       0
       2
       0
       0
       2
       2
       1
       1
       0
       2
       1
       0
       1
       0
       1
       1
       1
       1
       0
       2
       0
       1
       1
       1
       1
       1
       3
       4
       0
       2
       2
       0
       2
       2
       1
       2
       1
       2
       1
       0
       2
       2
       1
       1
       0
       1
       2
       0
       1
       1
       3
       3
       3
       1
       1
       0
       1
       1
       3
       1
       0
       1
       1
       1
       1
       0
       1
       0
       3
       1
       2
       3
       2
       2
       2
       0
       0
       0
       2
       1
       0
       0
       1
       1
       0
       1
       0
       1
       2
       1
       0
       1
       1
       0
       0
       0
       0
       1
       2
       0
       0
       1
       1
       2
       0
       0
       1
       2
       0
       0
       3
       1
       2
       1
       3
       1
       0
       1
       0
       4
       2
       1
       2
       1
       3
       1
       3
       3
       1
       0
       2
       0
       3
       2
       0
       1
       1
       0
       0
       1
       0
       1
       1
       2
       1
       2
       0
       0
       0
       0
       0
       2
       0
       2
       1
       1
       4
       1
       1
       2
       0
       1
       0
       0
       2
       0
       1
       1
       2
       3
       0
       1
       0
       0
       1
       4
       0
       0
       1
       1
       2
       0
       1
       2
       0
       1
       1
       1
       0
       2
       1
       2
       0
       1
       3
       2
       3
       0
       1
       0
       0
       1
       2
       0
       3
       1
       1
       3
       0
       1
       2
       1
       0
       0
       0
       0
       3
       1
       2
       1
       0
       1
       1
       1
       2
       1
       0
       1
       2
       0
       1
       0
       0
       0
       2
       3
       2
       2
       1
       3
       0
       1
       0
       2
       2
       2
       1
       1
       0
       1
       1
       0
       3
       3
       3
       0
       0
       1
       1
       1
       1
       1
       0
       1
       1
       0
       2
       0
       0
       1
       1
       1
       0
       0
       1
       0
       0
       1
       1
       2
       0
       2
       1
       4
       0
       0
       2
       0
       0
       2
       3
       2
       3
       1
       1
       2
       2
       0
       1
       1
       0
       1
       0
       1
       0
       4
       1
       3
       3
       0
       1
       3
       0
       1
       1
       0
       0
       3
       2
       1
       1
       0
       2
       0
       1
       0
       2
       2
       2
       0
       1
       1
       0
       1
       1
       0
       0
       1
       1
       1
       0
       1
       0
       1
       0
       1
       1
       1
       0
       1
       2
       0
       2
       4
       1
       0
       1
       2
       2
       1
       2
       0
       2
       0
       1
       0
       0
       0
       1
       0
       0
       1
       2
       1
       1
       1
       1
       0
       1
       2
       0
       1
       0
       1
       1
       1
       2
       0
       0
       3
       0
       2
       0
       0
       0
       0
       0
       1
       0
       0
       2
       0
       0
       1
       2
       1
       3
       3
       1
       1
       0
       1
       1
       0
       0
       0
       0
       1
       3
       1
       1
       1
       1
       2
       0
       0
       4
       0
       2
       0
       1
       1
       0
       0
       1
       3
       2
       2
       2
       0
       2
       1
       1
       0
       0
       1
       0
       0
       0
       0
       1
       0
       3
       1
       0
       0
       2
       0
       0
       3
       1
       1
       1
       0
       2
       1
       1
       2
       3
       0
       0
       2
       0
       2
       0
       2
       0
       2
       2
       0
       1
       0
       0
       0
       2
       0
       1
       2
       1
       1
       1
       0
       2
       1
       1
       0
       0
       3
       1
       0
       1
       1
       0
       1
       1
       1
       3
       4
       1
       0
       1
       1
       0
       1
       1
       0
       0
       0
       1
       1
       1
       2
       0
       2
       1
       0
       0
       0
       0
       0
       1
       1
       3
       2
       1
       1
       3
       0
       1
       0
       0
       0
       0
       0
       2
       2
       1
       2
       1
       1
       2
       0
       0
       0
       1
       1
       1
       0
       0
       2
       2
       3
       1
       0
       1
       0
       2
       2
       0
       0
       1
       1
       1
       4
       2
       0
       0
       0
       0
       0
       2
       0
       0
       1
       2
       2
       1
       0
       0
       1
       1
       0
       0
       0
       2
       2
       1
       4
       1
       0
       1
       0
       0
       0
       3
       2
       1
       0
       0
       0
       2
       1
       0
       0
       0
       0
       1
       0
       1
       1
       0
       0
       0
       1
       0
       3
       1
       0
       2
       0
       0
       1
       2
       1
       0
       0
       0
       0
       2
       0
       0
       0
       1
       1
       0
       1
       0
       0
       2
       1
       1
       1
       1
       0
       0
       0
       3
       0
       0
       0
       0
       1
       1
       0
       2
       2
       0
       1
       2
       2
       0
       0
       2
       0
       1
       3
       0
       0
       1
       1
       0
       0
       1
       0
       0
       1
       0
       1
       0
       0
       0
       0
       2
       2
       0
       1
       0
       0
       0
       0
       1
       0
       0
       1
       1
       0
       0
       1
       2
       1
       0
       1
       0
       1
       1
       2
       0
       1
       1
       2
       2
       1
       0
       0
       0
       0
       2
       0
       0
       1
       1
       1
       2
       1
       1
       0
       0
       0
       0
       1
       0
       1
       2
       1
       1
       1
       1
       0
       1
       3
       0
       2
       0
       2
       2
       0
       0
       1
       1
       0
       0
       0
       3
       0
       0
       1
       0
       1
       0
       0
       0
       1
       0
       0
       1
       1
       1
       2
       1
       0
       2
       1
       1
       0
       1
       1
       2
       2
       1
       1
       0
       2
       0
       2
       0
       0
       1
       2
       2
       0
       0
       5
       1
       0
       2
       1
       3
       0
       0
       2
       1
       0
       0
       0
       0
       1
       1
       2
       2
       1
       1
       2
       2
       2
       0
       1
       1
       0
       1
       3
       1
       1
       0
       2
       1
       1
       0
       0
       1
       2
       0
       0
       0
       0
       2
       0
       0
       1
       1
       1
       1
       0
       0
       1
       0
       0
       2
       1
       1
       0
       1
       1
       0
       2
       0
       1
       1
       0
       3
       0
       0
       5
       0
       4
       2
       1
       1
       0
       0
       0
       0
       1
       0
       2
       0
       2
       0
       1
       2
       0
       0
       1
       0
       0
       1
       0
       1
       1
       2
       1
       1
       1
       0
       0
       1
       0
       0
       1
       0
       0
       1
       0
       0
       0
       3
       1
       1
       1
       0
       1
       0
       3
       3
       1
       0
       1
       0
       1
       0
       1
       1
       0
       0
       0
       2
       1
       0
       0
       1
       1
       0
       0
       0
       1
       0
       0
       1
       3
       2
       2
       0
       0
       0
       1
       0
       0
       0
       0
       1
       2
       0
       1
       1
       0
       0
       0
       0
       1
       0
       1
       0
       2
       0
       0
       1
       1
       2
       1
       0
       2
       0
       1
       0
       0
       0
       0
       1
       0
       0
       0
       0
       2
       0
       0
       0
       0
       0
       2
       0
       1
       1
       0
       0
       1
       1
       2
       1
       3
       0
       2
       0
       0
       0
       1
       1
       1
       0
       0
       1
       2
       1
       0
       2
       1
       0
       2
       0
       0
       0
       1
       1
       1
       2
       1
       1
       0
       0
       1
       0
       0
       0
       1
       0
       1
       2
       1
       1
       0
       0
       2
       0
       0
       1
       0
       1
       0
       1
       0
       0
       0
       0
       0
       0
       0
       0
       0
       2
       2
       1
       1
       0
       1
       2
       0
       0
       1
       0
       2
       0
       0
       0
       2
       0
       1
       0
       1
       0
       0
       2
       1
       0
       2
       0
       0
       0
       2
       0
       1
       0
       2
       0
       2
       0
       0
       0
       1
       1
       1
       0
       2
       1
       1
       0
       0
       2
       1
       1
       1
       1
       0
       2
       2
       0
       1
       3
       2
       1
       1
       0
       1
       0
       1
       2
       2
       2
       2
       0
       1
       0
       1
       1
       2
       1
       0
       0
       2
       1
       2
       0
       0
       0
       1
       0
       1
       0
       1
       1
       2
       0
       0
       1
       1
       1
       2
       2
       0
       0
       1
       1
       0
       1
       0
       0
       0
       1
       0
       1
       1
       0
       2
       0
       0
       2
       1
       1
       1
       0
       1
       0
       0
       0
       1
       0
       0
       0
       1
       1
       0
       0
       1
       1
       0
       4
       1
       0
       1
       0
       1
       1
       2
       0
       0
       0
       1
       0
       1
       0
       0
       0
       0
       0
       1
       0
       0
       1
       0
       3
       0
       0
       0
       0
       1
       0
       0
       2
       1
       0
       1
       2
       3
       0
       1
       1
       1
       3
       1
       0
       1
       0
       0
       1
       0
       1
       1
       2
       0
       0
       0
       0
       0
       0
       0
       0
       2
       1
       0
       0
       0
       0
       0
       1
       1
       1
       0
       0
       2
       1
       1
       0
       0
       0
       0
       0
       2
       0
       1
       0
       1
       0
       0
       2
       1
       0
       0
       0
       1
       1
       0
       0
       0
       2
       1
       0
       0
       0
       0
       0
       0
       1
       0
       3
       1
       1
       0
       1
       1
       1
       1
       1
       2
       1
       0
       0
       0
       1
       0
       1
       0
       0
       0
       1
       1
       0
       0
       1
       0
       0
       1
       0
       0
       0
       1
       0
       1
       1
       1
       1
       1
       0
       1
       0
       0
       0
       1
       0
       0
       1
       1
       1
       0
       0
       1
       1
       1
       0
       2
       1
       1
       0
       2
       1
       0
       0
       2
       0
       1
       1
       0
       0
       0
       0
       0
       1
       1
       1
       0
       2
       0
       0
       0
       0
       0
       0
       2
       0
       0
       0
       0
       1
       1
       2
       1
       1
       0
       0
       1
       0
       0
       0
       2
       0
       0
       0
       0
       0
       0
       1
       0
       1
       1
       0
       1
       0
       0
       1
       0
       1
       0
       0
       2
       1
       0
       0
       0
       0
       1
       0
       0
       2
       0
       0
       0
       0
       0
       0
       0
       0
       0
       1
       1
       0
       1
       0
       1
       0
       0
       0
       0
       1
       0
       2
       0
       0
       0
       0
       0
       2
       1
       1
       1
       1
       1
       0
       1
       0
       2
       1
       1
       0
       0
       0
       0
       0
       0
       0
       0
       2
       0
       0
       1
       0
       1
       0
       1
       1
       1
       1
       0
       0
       0
       0
       0
       0
       1
       1
       1
       3
       1
       1
       0
       0
       1
       0
       0
       2
       1
       0
       1
       1
       0
       0
       2
       0
       0
       0
       2
       1
       1
       1
       1
       1
       0
       0
       1
       0
       0
       0
       0
       0
       1
       0
       1
       0
       1
       0
       0
       1
       1
       0
       0
       1
       0
       0
       0
       0
       0
       1
       1
       0
       1
       0
       0
       0
       0
       1
       3
       0
       0
       0
       0
       1
       1
       0
       0
       0
       0
       0
       0
       0
       0
       0
       0
       0
       0
       0
       0
       3
       1
       1
       0
       0
       1
       0
       1
       0
       0
       0
       0
       2
       0
       0
       0
       1
       0
       0
       1
       1
       0
       1
       0
       0
       0
       0
       1
       0
       0
       0
       2
       0
       0
       0
       1
       0
       2
       0
       0
       0
       0
       0
       0
       0
       1
       1
       0
       1
       0
       0
       0
       0
       0
       0
       1
       0
       0
       0
       1
       0
       2
       1
       0
       0
       1
       0
       1
       1
       0
       1
       0
       0
       0
       1
       0
       1
       1
       0
       1
       0
       0
       0
       2
       3
       3
       1
       1
       0
       0
       0
       0
       0
       2
       0
       1
       1
       1
       0
       0
       0
       1
       0
       1
       0
       0
       0
       0
       1
       1
       0
       1
       0
       1
       0
       0
       0
       0
       1
       1
       0
       1
       0
       1
       1
       0
       2
       1
       2
       5
       2
       3
       5
       6
       5
       2
       2
       3
       1
       1
       1
       1
       0
       0
       1
       0
       0
       0
       0
       0
       0
       0
       0
       1
       0
       0
       0
       0
       0
       0
       1
       1
       0
       0
       0
       0
       1
       0
       0
       0
       0
       0
       0
       0
       0
       0
       0
       1
       1
       0
       1
       1
       0
       0
       0
       0
       0
       1
       1
       0
       0
       0
       0
       1
       0
       0
       0
       0
       0
       0
       0
       0
       1
       2
       1
       2
       0
       0
       0
       0
       0
       0
       0
       2
       0
       1
       0
       1
       0
       0
       0
       0
       1
       1
       0
       0
       0
       1
       0
       1
       0
       0
       2
       1
       0
       0
       0
       1
       0
       0
       1
       1
       0
       0
       0
       0
       0
       0
       0
       1
       0
       1
       1
       0
       1
       0
       1
       1
       0
       0
       0
       0
       1
       0
       1
       1
       0
       0
       0
       1
       0
       0
       0
       0
       0
       0
       0
       1
       0
       0
       0
       0
       0
       0
       0
       0
       0
       0
       0
       1
       0
       0
       0
       0
       1
       0
       2
       0
       0
       0
       0
       1
       0
       0
       1
       0
       1
       1
       0
       1
       0
       0
       0
       0
       0
       1
       0
       0
       0
       0
       0
       0
       0
       1
       0
       0
       0
       0
       0
       1
       0
       0
       1
       0
       0
       0
       0
       0
       0
       0
       0
       0
       0
       0
       0
       1
       0
       2
       1
       0
       0
       0
       0
       0
       0
       0
       0
       1
       0
       0
       1
       0
       1
       0
       0
       0
       0
       0
       0
       0
       0
       0
       2
       0
       0
       0
       1
       1
       0
       0
       0
       0
       1
       1
       0
       0
       0
       0
       0
       0
       0
       0
       0
       0
       0
       0
       0
       0
       0
       0
       0
       0
       0
       0
       0
       0
       0
       0
       1
       0
       0
       0
       0
       0
       0
       2
       0
       0
       0
       0
       0
       1
       0
       0
       0
       0
       0
       1
       1
       0
       0
       0
       0
       0
       0
       0
       0
       2
       0
       1
       0
       0
       0
       0
       0
       2
       1
       1
       0
       1
       1
       0
       0
       0
       0
       0
       1
       0
       0
       1
       2
       0
       3
       1
       0
       0
       0
       0
       1
       0
       0
       3
       0
       0
       1
       1
       0
       0
       1
       1
       1
       1
       0
       0
       0
       0
       0
       0
       0
       0
       1
       0
       0
       0
       0
       0
       0
       0
       1
       0
       0
       0
       0
       0
       0
       0
       0
       1
       0
       1
       1
       0
       0
       0
       1
       0
       0
       1
       0
       1
       0
       1
       1
       0
       0
       0
       0
       1
       0
       1
       0
       0
       2
       1
       0
       0
       0
       0
       0
       0
       0
       0
       0
       0
       0
       0
       0
       0
       0
       2
       0
       0
       0
       1
       1
       1
       0
       0
       0
       0
       0
       0
       0
       1
       0
       0
       0
       0
       0
       0
       0
       0
       0
       1
       0
       0
       0
       1
       0
       0
       1
       0
       0
       0
       0
       0
       0
       0
       0
       0
       0
       0
       0
       0
       0
       0
       0
       1
       0
       0
       0
       0
       0
       0
       0
       1
       0
       0
       0
       0
       0
       0
       1
       0
       0
       0
       1
       1
       0
       1
       0
       0
       0
       0
       0
       0
       0
       0
       1
       0
       0
       0
       1
       0
       0
       1
       1
       0
       0
       0
       1
       0
       0
       0
       0
       0
       0
       0
       1
       1
       0
       0
       0
       0
       0
       1
       0
       1
       0
       0
       0
       0
       0
       0
       0
       0
       0
       0
       1
       1
       0
       0
       1
       1
       0
       1
       0
       0
       0
       0
       0
       0
       0
       0
       0
       0
       0
       0
       0
       1
       0
       0
       0
       0
       1
       0
       0
       0
       0
       0
       1
       0
       0
       0
       0
       1
       1
       0
       0
       0
       0
       0
       0
       1
       0
       0
       0
       0
       0
       0
       0
       0
       0
       0
       0
       1
       0
       1
       0
       0
       0
       0
       0
       1
       0
       1
       0
       0
       0
       0
       0
       0
       1
       2
       0
       0
       0
       0
       2
       0
       0
       0
       0
       0
       0
       0
       0
       0
       1
       0
       0
       0
       0
       0
       0
       0
       0
       1
       0
       0
       0
       0
       0
       0
       0
       0
       0
       0
       0
       0
       0
       0
       1
       0
       1
       1
       0
       0
       0
       0
       0
       0
       0
       1
       0
       1
       1
       0
       0
       0
       1
       0
       0
       0
       0
       0
       0
       0
       0
       0
       0
       0
       0
       0
       0
       0
       0
       0
       0
       0
       0
       0
       0
       1
       0
       2
       0
       0
       0
       0
       0
       0
       0
       0
       0
       0
       0
       0
       0
       0
       0
       0
       0
       0
       0
       0
       0
       0
       0
       0
       0
       0
       0
       0
       1
       0
       0
       0
       1
       0
       0
       0
       0
       0
       1
       0
       1
       0
       0
       0
       1
       0
       0
       0
       0
       0
       0
       0
       1
       0
       0
       1
       0
       1
       1
       1
       0
       2
       0
       0
       1
       1
       1
       0
       0
       0
       0
       0
       0
       0
       0
       0
       0
       0
       0
       0
       0
       0
       2
       0
       0
       0
       0
       0
       0
       0
       0
       0
       0
       0
       1
       0
       0
       0
       0
       0
       0
       0
       0
       0
       0
       1
       0
       0
       0
       1
       0
       0
       0
       0
       0
       0
       0
       0
       0
       0
       0
       0
       0
       0
       0
       0
       0
       0
       0
       0
       0
       1
       0
       0
       0
       0
       0
       0
       1
       0
       0
       0
       0
       0
       0
       0
       0
       1
       0
       0
       0
       0
       0
       0
       1
       0
       0
       0
       0
       0
       0
       0
       1
       0
       0
       0
       0
       0
       1
       0
       0
       1
       1
       0
       0
       0
       0
       0
       0
       0
       0
       0
       0
       2
       0
       0
       0
       0
       0
       2
       0
       0
       0
       1
       0
       0
       0
       0
       0
       0
       0
       0
       0
       0
       0
       0
       1
       0
       0
       0
       1
       0
       0
       0
       0
       0
       0
       0
       0
       0
       0
       0
       0
       0
       0
       0
       0
       0
       1
       0
       1
       0
       0
       0
       0
       0
       0
       0
       2
       0
       0
       0
       0
       0
       0
       0
       0
       0
       0
       0
       0
       0
       0
       0
       0
       0
       0
       0
       0
       0
       1
       0
       0
       0
       0
       0
       0
       2
       0
       0
       0
       0
       0
       1
       1
       0
       0
       0
       0
       0
       0
       0
       0
       0
       0
       0
       0
       0
       0
       0
       0
       0
       0
       0
       1
       0
       0
       1
       0
       2
       0
       0
       0
       0
       0
       1
       0
       0
       0
       0
       0
       0
       0
       0
       0
       0
       1
       0
       0
       0
       0
       0
       0
       1
       0
       1
       0
       0
       0
       1
       2
       0
       0
       0
       1
       0
       0
       0
       0
       0
       0
       0
       0
       1
       0
       0
       0
       0
       0
       0
       1
       0
       1
       0
       0
       0
       0
       0
       0
       0
       0
       0
       0
       0
       0
       0
       0
       0
       0
       0
       0
       1
       0
       1
       0
       1
       1
       0
       0
       0
       0
       0
       0
       1
       0
       0
       0
       0
       0
       0
       1
       0
       0
       0
       1
       0
       0
       0
       1
       1
       0
       0
       0
       0
       0
       0
       0
       0
       0
       0
       0
       0
       0
       0
       0
       0
       0
       0
       0
       0
       1
       0
       1
       0
       0
       0
       0
       0
       0
       1
       0
       0
       1
       0
       0
       0
       2
       0
       0
       1
       0
       0
       0
       0
       1
       0
       0
       2
       0
       0
       1
       1
       0
       1
       0
       0
       0
       0
       0
       0
       0
       0
       0
       0
       0
       0
       0
       0
       0
       0
       0
       0
       0
       0
       0
       0
       0
       1
       0
       2
       0
       0
       0
       0
       0
       0
       0
       1
       0
       1
       0
       0
       0
       0
       0
       0
       1
       0
       0
       0
       0
       0
       0
       1
       0
       0
       0
       0
       0
       0
       0
       0
       0
       0
       1
       0
       0
       0
       0
       0
       0
       0
       0
       0
       0
       0
       1
       1
       0
       0
       0
       0
       1
       1
       0
       0
       1
       4
       0
       0
       0
       0
       0
       0
       0
       0
       0
       0
       0
       0
       0
       0
       0
       1
       0
       1
       0
       0
       0
       0
       0
       1
       0
       0
       0
       0
       0
       0
       0
       1
       0
       0
       0
       1
       1
       0
       0
       0
       1
       0
       0
       0
       1
       0
       0
       0
       0
       0
       0
       0
       0
       1
       0
       0
       0
       0
       0
       1
       0
       0
       0
       0
       0
       0
       0
       1
       0
       0
       0
       0
       1
       0
       0
       0
       0
       0
       0
       0
       0
       1
       0
       0
       1
       0
       0
       1
       0
       1
       0
       0
       0
       0
       0
       0
       1
       0
       0
       0
       0
       0
       0
       1
       0
       0
       0
       0
       0
       1
       0
       0
       1
       0
       0
       1
       0
       0
       1
       0
       0
       0
       0
       0
       0
       0
       0
       0
       0
       0
       0
       1
       0
       0
       1
       0
       0
       2
       0
       1
       0
       0
       0
       0
       1
       0
       0
       0
       1
       0
       0
       0
       0
       1
       0
       0
       0
       0
       0
       0
       0
       0
       0
       0
       0
       0
       0
       0
       0
       0
       0
       1
       0
       1
       0
       0
       0
       0
       0
       0
       0
       0
       0
       0
       0
       1
       0
       0
       0
       0
       0
       0
       0
       0
       0
       0
       0
       0
       0
       0
       0
       0
       0
       0
       0
       0
       0
       0
       0
       0
       1
       0
       0
       0
       0
       0
       0
       0
       0
       0
       0
       0
       0
       1
       0
       1
       0
       1
       0
       1
       0
       0
       0
       0
       0
       1
       0
       0
       0
       2
       0
       0
       0
       0
       0
       1
       1
       0
       0
       0
       0
       1
       0
       0
       0
       0
       0
       0
       0
       1
       0
       0
       0
       0
       0
       0
       0
       1
       0
       0
       0
       0
       0
       0
       0
       1
       0
       0
       0
       0
       0
       0
       0
       0
       0
       0
       0
       0
       0
       0
       1
       0
       0
       0
       1
       0
       1
       0
       0
       2
       0
       0
       0
       0
       0
       1
       0
       0
       0
       0
       0
       0
       0
       0
       0
       0
       1
       0
       0
       0
       0
       0
       0
       0
       0
       0
       0
       0
       0
       0
       0
       0
       0
       0
       0
       0
       1
       0
       0
       0
       0
       0
       0
       0
       0
       0
       0
       0
       0
       0
       0
       0
       0
       0
       0
       1
       0
       0
       0
       0
       0
       0
       0
       0
       1
       0
       0
       0
       0
       0
       0
       1
       0
       0
       0
       0
       0
       2
       0
       0
       0
       0
       0
       0
       0
       0
       0
       1
       0
       0
       0
       0
       0
       0
       0
       0
       0
       0
       0
       1
       0
       0
       0
       0
       0
       0
       0
       0
       0
       0
       0
       0
       0
       0
       0
       0
       0
       0
       0
       0
       0
       0
       0
       0
       0
       2
       0
       0
       1
       0
       0
       1
       0
       0
       0
       0
       0
       0
       0
       0
       0
       0
       0
       0
       1
       0
       0
       0
       0
       0
       0
       0
       0
       0
       0
       1
       0
       0
       0
       0
       0
       0
       0
       0
       0
       0
       0
       0
       1
       0
       1
       0
       1
       1
       0
       0
       1
       0
       1
       0
       0
       0
       0
       0
       0
       0
       0
       0
       0
       0
       0
       0
       0
       0
       0
       0
       0
       0
       0
       0
       1
       0
       1
       0
       0
       0
       0
       0
       0
       0
       0
       0
       0
       0
       0
       0
       0
       0
       0
       0
       1
       0
       0
       0
       0
       0
       0
       0
       0
       0
       0
       0
       0
       0
       0
       0
       0
       0
       0
       0
       0
       0
       0
       0
       0
       0
       0
       0
       0
       0
       0
       0
       0
       0
       0
       0
       0
       0
       0
       0
       0
       0
       0
       0
       0
       0
       0
       0
       0
       0
       0
       0
       0
       0
       0
       0
       0
       0
       0
       0
       0
       0
       2
       0
       0
       1
       0
       0
       0
       0
       0
       0
       0
       0
       1
       0
       0
       0
       0
       0
       1
       0
       0
       0
       0
       2
       1
       0
       0
       1
       0
       0
       1
       0
       0
       1
       2
       1
       1
       0
       0
       0
       1
       0
       0
       1
       0
       0
       0
       0
       0
       0
       0
       0
       0
       0
       0
       0
       0
       0
       1
       0
       0
       1
       0
       0
       0
       0
       0
       0
       0
       0
       0
       0
       0
       0
       0
       1
       0
       0
       1
       0
       0
       0
       0
       0
       0
       0
       0
       0
       0
       0
       0
       0
       0
       1
       0
       0
       0
       0
       0
       0
       0
       0
       0
       0
       0
       0
       0
       0
       0
       0
       0
       0
       0
       0
       0
       0
       0
       0
       0
       0
       0
       0
       0
       0
       0
       0
       0
       0
       0
       0
       1
       0
       0
       0
       0
       0
       0
       0
       0
       0
       0
       0
       0
       0
       0
       0
       0
       0
       0
       0
       1
       0
       1
       0
       0
       0
       0
       0
       0
       2
       0
       0
       0
       0
       1
       0
       0
       0
       0
       0
       0
       0
       0
       0
       0
       0
       1
       0
       0
       0
       1
       0
       0
       0
       0
       0
       0
       0
       0
       0
       1
       0
       0
       1
       0
       0
       0
       0
       0
       0
       1
       0
       0
       0
       0
       0
       0
       0
       0
       0
       0
       0
       1
       0
       0
       0
       0
       0
       0
       0
       0
       0
       0
       0
       0
       0
       0
       0
       0
       0
       0
       0
       0
       0
       0
       0
       0
       0
       0
       0
       0
       0
       0
       0
       0
       0
       0
       0
       1
       0
       0
       0
       1
       0
       0
       0
       1
       0
       0
       0
       0
       0
       0
       0
       0
       0
       0
       0
       0
       0
       0
       0
       0
       0
       0
       0
       0
       0
       0
       0
       0
       0
       0
       0
       0
       0
       0
       0
       0
       1
       0
       0
       0
       0
       0
       0
       1
       1
       0
       0
       0
       0
       0
       0
       1
       1
       0
       0
       0
       0
       0
       0
       0
       0
       0
       0
       0
       0
       0
       0
       0
       0
       0
       0
       0
       1
       0
       0
       0
       0
       0
       1
       0
       0
       0
       1
       0
       0
       0
       0
       0
       0
       0
       0
       0
       0
       0
       0
       0
       0
       0
       0
       1
       0
       0
       0
       0
       0
       0
       0
       0
       0
       0
       1
       0
       0
       0
       0
       0
       0
       0
       0
       1
       1
       0
       0
       0
       0
       0
       0
       0
       0
       0
       0
       0
       0
       0
       0
       0
       0
       0
       0
       0
       0
       0
       0
       0
       0
       0
       0
       0
       0
       0
       0
       0
       1
       0
       0
       0
       0
       0
       0
       0
       0
       0
       0
       1
       0
       0
       0
       0
       0
       0
       0
       0
       0
       1
       0
       0
       0
       0
       0
       0
       1
       0
       0
       0
       1
       0
       0
       0
       0
       0
       1
       0
       0
       0
       0
       0
       0
       0
       0
       0
       0
       0
       1
       2
       0
       0
       0
       0
       0
       1
       0
       0
       0
       0
       1
       0
       1
       0
       0
       0
       2
       0
       0
       0
       0
       0
       0
       0
       0
       0
       0
       0
       1
       0
       0
       0
       1
       0
       0
       0
       0
       1
       0
       0
       0
       0
       1
       0
       0
       0
       0
       0
       0
       0
       0
       0
       0
       0
       0
       0
       0
       0
       0
       0
       0
       0
       0
       0
       0
       0
       0
       0
       0
       0
       0
       0
       0
       0
       0
       0
       1
       0
       0
       0
       0
       0
       0
       1
       0
       0
       0
       0
       0
       0
       0
       1
       0
       0
       0
       0
       0
       0
       0
       0
       1
       0
       0
       0
       0
       0
       1
       0
       0
       0
       1
       0
       0
       0
       0
       0
       0
       0
       0
       0
       0
       0
       0
       0
       1
       0
       0
       0
       0
       0
       0
       0
       0
       0
       0
       0
       0
       0
       0
       0
       0
       0
       0
       0
       0
       0
       0
       0
       0
       1
       0
       1
       0
       0
       0
       0
       0
       0
       0
       0
       0
       0
       0
       0
       0
       0
       0
       0
       0
       0
       0
       0
       0
       0
       0
       0
       0
       1
       0
       0
       0
       0
       0
       0
       0
       0
       0
       0
       0
       0
       0
       0
       0
       0
       0
       0
       0
       1
       0
       0
       0
       0
       0
       0
       0
       0
       0
       0
       0
       0
       0
       0
       0
       0
       0
       0
       0
       0
       0
       0
       1
       0
       0
       0
       0
       0
       0
       0
       0
       0
       0
       0
       0
       0
       1
       0
       0
       0
       0
       0
       0
       0
       0
       0
       0
       0
       0
       0
       0
       0
       0
       0
       0
       1
       0
       0
       0
       0
       0
       0
       0
       0
       0
       0
       0
       0
       1
       0
       0
       0
       0
       0
       0
       0
       0
       0
       0
       0
       0
       0
       0
       1
       0
       1
       0
       0
       1
       0
       0
       0
       0
       0
       0
       1
       0
       0
       0
       0
       0
       0
       0
       0
       0
       0
       0
       0
       0
       0
       0
       0
       0
       1
       0
       1
       0
       0
       0
       0
       0
       0
       0
       0
       0
       0
       0
       0
       0
       0
       0
       0
       0
       0
       0
       0
       0
       0
       0
       0
       0
       0
       0
       0
       0
       0
       0
       1
       0
       0
       0
       0
       0
       0
       0
       0
       0
       0
       0
       0
       0
       0
       0
       0
       0
       0
       0
       0
       0
       0
       0
       0
       0
       0
       0
       0
       0
       0
       0
       0
       0
       0
       0
       0
       0
       0
       0
       0
       0
       0
       0
       0
       0
       0
       0
       0
       0
       1
       0
       0
       0
       0
       0
       0
       0
       0
       0
       0
       1
       0
       0
       0
       0
       0
       0
       0
       0
       0
       0
       0
       0
       0
       1
       0
       0
       0
       0
       0
       1
       0
       0
       0
       0
       0
       0
       0
       0
       0
       0
       0
       0
       0
       0
       0
       0
       0
       0
       0
       0
       0
       0
       0
       0
       0
       0
       0
       1
       0
       0
       0
       0
       0
       0
       0
       0
       0
       0
       0
       0
       0
       0
       0
       0
       0
       0
       1
       0
       0
       0
       1
       0
       0
       0
       0
       0
       0
       1
       0
       0
       0
       0
       0
       0
       0
       1
       0
       0
       0
       0
       0
       0
       0
       0
       0
       0
       0
       0
       0
       0
       0
       0
       0
       0
       0
       0
       0
       0
       0
       1
       0
       0
       0
       1
       0
       0
       0
       0
       0
       0
       0
       0
       0
       0
       0
       0
       0
       1
       0
       0
       0
       0
       0
       0
       0
       0
       1
       0
       0
       0
       0
       0
       0
       0
       0
       0
       0
       0
       0
       0
       0
       0
       0
       0
       0
       0
       0
       0
       0
       0
       0
       0
       0
       0
       0
       0
       0
       0
       0
       0
       0
       0
       1
       0
       0
       1
       0
       0
       0
       0
       1
       0
       0
       1
       0
       0
       0
       0
       0
       2
       0
       0
       0
       0
       0
       0
       0
       0
       0
       0
       0
       0
       0
       0
       0
       0
       0
       0
       0
       0
       0
       1
       0
       0
       1
       0
       0
       0
       0
       0
       0
       0
       0
       0
       0
       0
       0
       0
       0
       0
       0
       0
       0
       0
       0
       0
       0
       0
       0
       0
       0
       0
       0
       0
       0
       0
       0
       0
       0
       0
       0
       0
       0
       0
       0
       0
       0
       0
       0
       0
       0
       0
       0
       0
       0
       0
       0
       0
       0
       0
       0
       0
       0
       0
       0
       0
       0
       0
       0
       0
       0
       0
       1
       0
       0
       0
       0
       0
       0
       0
       0
       0
       0
       0
       0
       0
       0
       1
       0
       0
       0
       0
       0
       0
       0
       0
       0
       2
       0
       0
       0
       0
       0
       0
       0
       0
       0
       0
       1
       0
       0
       0
       0
       0
       0
       0
       0
       0
       0
       0
       0
       0
       0
       0
       0
       0
       0
       0
       0
       0
       0
       0
       0
       0
       0
       0
       0
       0
       0
       0
       0
       0
       0
       0
       0
       0
       0
       0
       1
       0
       0
       0
       0
       0
       0
       0
       0
       0
       0
       1
       0
       0
       0
       0
       0
       0
       0
       0
       0
       0
       0
       0
       0
       0
       0
       0
       0
       0
       0
       0
       0
       0
       0
       0
       0
       0
       0
       0
       0
       0
       0
       0
       0
       0
       0
       0
       0
       0
       0
       0
       0
       0
       0
       0
       0
       0
       0
       0
       0
       0
       0
       0
       0
       0
       0
       0
       0
       0
       0
       0
       0
       0
       1
       0
       0
       0
       0
       0
       0
       0
       0
       0
       0
       0
       0
       0
       1
       1
       0
       0
       1
       0
       0
       0
       0
       0
       0
       0
       0
       0
       0
       0
       0
       0
       0
       0
       0
       0
       0
       1
       0
       0
       0
       0
       0
       0
       0
       0
       0
       0
       0
       0
       0
       1
       0
       0
       0
       0
       0
       0
       0
       0
       0
       0
       0
       0
       0
       0
       0
       0
       0
       0
       0
       0
       0
       0
       0
       0
       0
       0
       0
       0
       0
       0
       1
       0
       0
       0
       0
       0
       0
       0
       0
       0
       0
       0
       0
       0
       0
       0
       0
       0
       0
       0
       0
       0
       0
       0
       0
       0
       0
       0
       0
       0
       0
       0
       0
       0
       0
       0
       0
       0
       0
       0
       0
       0
       0
       0
       0
       0
       0
       0
       0
       0
       0
       0
       0
       0
       0
       0
       0
       0
       0
       0
       0
       0
       0
       0
       0
       0
       0
       0
       0
       0
       0
       0
       0
       0
       0
       0
       0
       0
       0
       0
       0
       0
       0
       0
       0
       0
       0
       0
       0
       0
       0
       0
       0
       0
       0
       0
       0
       0
       0
       0
       0
       0
       0
       0
       0
       0
       0
       0
       0
       0
       0
       0
       0
       0
       0
       0
       0
       0
       0
       0
       0
       0
       0
       0
       0
       0
       0
       0
       0
       0
       0
       0
       1
       0
       0
       0
       0
       0
       0
       0
       0
       0
       0
       0
       1
       0
       0
       0
       0
       0
       0
       0
       0
       0
       0
       0
       0
       0
       0
       0
       0
       0
       0
       0
       0
       0
       0
       0
       0
       0
       0
       0
       0
       0
       0
       0
       0
       0
       0
       0
       0
       0
       0
       0
       0
       0
       0
       0
       0
       0
       0
       0
       0
       0
       0
       0
       0
       0
       0
       0
       0
       0
       0
       0
       0
       0
       0
       0
       0
       0
       0
       0
       0
       0
       0
       0
       0
       0
       0
       0
       0
       0
       0
       0
       0
       0
       0
       0
       0
       0
       0
       0
       1
       0
       0
       0
       0
       0
       0
       0
       0
       0
       0
       0
       0
       0
       0
       0
       0
       0
       0
       0
       0
       0
       0
       0
       0
       0
       0
       0
       0
       0
       0
       1
       0
       0
       0
       0
       0
       0
       1
       0
       0
       0
       0
       0
       0
       0
       0
       0
       0
       0
       0
       0
       0
       0
       0
       0
       0
       0
       0
       0
       0
       0
       0
       0
       0
       0
       0
       0
       0
       0
       0
       0
       0
       0
       0
       0
       1
       0
       0
       0
       0
       0
       0
       0
       0
       0
       0
       0
       0
       0
       0
       0
       0
       0
       0
       0
       0
       0
       0
       0
       0
       0
       0
       0
       0
       0
       0
       0
       0
       0
       0
       0
       0
       0
       0
       0
       0
       0
       0
       0
       0
       0
       0
       0
       0
       0
       0
       0
       0
       0
       1
       0
       0
       0
       1
       0
       0
       0
       0
       0
       1
       0
       0
       0
       0
       0
       0
       0
       0
       0
       0
       0
       0
       1
       0
       0
       0
       0
       0
       0
       0
       0
       0
       0
       1
       0
       0
       0
       0
       0
       0
       0
       0
       0
       0
       0
       0
       0
       0
       1
       0
       0
       0
       0
       0
       0
       0
       0
       0
       0
       0
       0
       0
       0
       0
       0
       0
       0
       0
       0
       0
       0
       0
       0
       0
       0
       0
       0
       1
       0
       0
       0
       0
       0
       0
       0
       0
       0
       0
       0
       0
       0
       0
       0
       0
       1
       0
       0
       0
       0
       0
       0
       0
       0
       0
       0
       0
       0
       0
       0
       0
       0
       0
       0
       0
       0
       0
       0
       0
       0
       1
       0
       0
       0
       0
       0
       0
       0
       0
       0
       0
       0
       0
       0
       0
       0
       0
       0
       0
       0
       0
       0
       0
       0
       0
       0
       0
       0
       0
       0
       0
       0
       0
       0
       0
       0
       0
       0
       0
       0
       0
       0
       0
       1
       0
       0
       0
       0
       0
       0
       0
       0
       0
       0
       0
       0
       0
       1
       0
       0
       0
       0
       0
       0
       0
       0
       0
       0
       0
       0
       0
       0
       0
       0
       0
       0
       0
       0
       0
       0
       0
       0
       0
       0
       0
       0
       0
       0
       0
       0
       0
       0
       0
       0
       0
       0
       0
       0
       0
       0
       0
       0
       0
       0
       0
       0
       0
       0
       0
       0
       0
       0
       0
       0
       0
       0
       0
       0
       0
       0
       0
       0
       0
       0
       0
       0
       0
       0
       0
       0
       0
       0
       0
       0
       0
       0
       1
       0
       0
       0
       0
       0
       0
       0
       0
       0
       0
       0
       0
       0
       0
       0
       0
       0
       0
       1
       0
       0
       0
       0
       0
       0
       0
       0
       0
       0
       0
       0
       0
       0
       0
       0
       0
       0
       0
       0
       0
       0
       0
       0
       0
       0
       0
       0
       0
       0
       0
       0
       0
       0
       0
       0
       0
       0
       0
       0
       0
       0
       0
       0
       0
       0
       0
       0
       0
       0
       0
       0
       0
       0
       0
       0
       0
       0
       0
       0
       0
       0
       0
       0
       0
       0
       0
       0
       0
       0
       0
       0
       0
       0
       0
       0
       0
       0
       0
       0
       0
       0
       0
       0
       0
       0
       0
       0
       0
       0
       0
       0
       0
       0
       0
       0
       0
       0
       0
       0
       0
       0
       0
       0
       0
       0
       0
       0
       0
       0
       0
       0
       0
       0
       0
       0
       0
       0
       0
       1
       0
       0
       0
       0
       0
       0
       0
       0
       0
       0
       0
       0
       0
       0
       0
       0
       0
       0
       0
       0
       0
       0
       0
       1
       0
       0
       0
       0
       0
       0
       0
       0
       0
       0
       0
       0
       0
       0
       0
       0
       0
       0
       0
       1
       0
       0
       0
       0
       0
       0
       0
       1
       0
       0
       0
       0
       0
       0
       0
       0
       0
       0
       0
       0
       0
       0
       0
       0
       1
       0
       0
       0
       0
       0
       0
       0
       0
       0
       0
       0
       0
       0
       0
       0
       0
       0
       0
       0
       0
       0
       0
       0
       0
       0
       0
       0
       0
       0
       0
       0
       0
       0
       0
       0
       0
       0
       0
       0
       0
       0
       0
       0
       0
       0
       0
       0
       0
       0
       0
       0
       0
       0
       0
       0
       0
       0
       0
       0
       0
       0
       0
       0
       0
       0
       0
       0
       0
       0
       0
       0
       0
       0
       0
       0
       0
       0
       0
       0
       0
       0
       0
       0
       0
       0
       0
       0
       0
       0
       0
       1
       0
       0
       0
       0
       0
       0
       0
       0
       0
       0
       0
       0
       0
       0
       0
       0
       0
       0
       0
       0
       0
       0
       0
       0
       0
       0
       0
       0
       0
       0
       0
       0
       0
       0
       0
       0
       0
       0
       0
       0
       0
       0
       0
       0
       0
       0
       0
       0
       0
       0
       0
       0
       0
       0
       0
       0
       0
       0
       0
       0
       0
       0
       0
       0
       0
       0
       0
       0
       0
       0
       0
       0
       0
       0
       0
       0
       0
       0
       0
       0
       0
       0
       0
       0
       0
       0
       0
       0
       0
       0
       0
       1
       0
       0
       0
       0
       0
       0
       0
       0
       0
       0
       0
       0
       0
       0
       0
       0
       0
       0
       0
       0
       0
       0
       0
       0
       0
       0
       0
       0
       0
       0
       0
       0
       0
       0
       0
       0
       0
       0
       0
       0
       0
       0
       0
       0
       0
       0
       0
       0
       0
       0
       0
       0
       0
       0
       0
       0
       0
       0
       0
       0
       0
       0
       0
       0
       0
       0
       0
       0
       0
       1
       0
       0
       0
       0
       0
       0
       0
       0
       0
       0
       0
       0
       0
       0
       0
       0
       0
       0
       0
       0
       0
       0
       0
       0
       0
       0
       0
       0
       0
       1
       1
       0
       0
       0
       0
       0
       0
       0
       0
       0
       0
       0
       0
       0
       0
       0
       0
       0
       0
       0
       0
       0
       0
       0
       0
       0
       0
       0
       0
       0
       0
       0
       0
       0
       0
       0
       0
       0
       0
       0
       0
       0
       0
       1
       0
       1
       0
       0
       0
       0
       0
       0
       0
       0
       0
       0
       0
       0
       0
       0
       0
       0
       0
       0
       0
       0
       0
       0
       0
       0
       0
       0
       1
       0
       0
       0
       1
       1
       0
       2
       1
       0
       2
       0
       2
       0
       2
       0
       0
       0
       1
       1
       0
       2
       2
       0
       2
       1
       1
       0
       1
       0
       0
       0
       1
       0
       2
       0
       0
       2
       1
       0
       1
       1
       0
       1
       0
       0
       1
       0
       0
       0
       0
       0
       0
       0
       2
       0
       0
       1
       0
       2
       0
       0
       1
       0
       1
       2
       1
       0
       0
       0
       0
       2
       0
       0
       1
       0
       2
       0
       0
       0
       3
       0
       0
       1
       0
       0
       2
       2
       1
       1
       0
       1
       3
       0
       0
       0
       0
       4
       2
       0
       1
       0
       0
       1
       0
       0
       0
       0
       0
       1
       1
       1
       2
       0
       0
       0
       0
       1
       1
       0
       1
       0
       2
       0
       0
       0
       0
       0
       0
       0
       0
       0
       0
       0
       2
       1
       4
       0
       0
       0
       0
       1
       2
       0
       2
       0
       0
       2
       1
       2
       0
       0
       0
       2
       0
       0
       1
       0
       0
       0
       1
       0
       0
       1
       1
       1
       0
       0
       1
       2
       2
       0
       0
       0
       0
       0
       1
       0
       0
       0
       0
       0
       1
       0
       0
$ROI:
0
$PRESETS:
None
0
0
$ENER_FIT:
0.000000 0.374432
$MCA_CAL:
3
0.000000E+000 3.744323E-001 0.000000E+000 keV
$SHAPE_CAL:
3
6.617742E+000 0.000000E+000 0.000000E+000
